{
  "advancedEditorSelectedIdentifier" : "ProjectBrowser",
  "openSceneRelativePaths" : [
    "scene_basketball_machine.usda"
  ],
  "recentIdentifiers" : {
    "AF09ED6F-1707-48FD-8720-65B998362C09" : [

    ],
    "C21588EB-DE30-46A7-9153-0A6638A408C2" : [

    ],
    "DA9BCC84-6470-4724-9F7E-085D2C8617E1" : [

    ]
  },
  "sceneCameraHistory" : {
    "AF09ED6F-1707-48FD-8720-65B998362C09" : [
      {
        "date" : 754560108.752606,
        "title" : "Untitled",
        "transform" : [
          0.90278375,
          -4.9499154e-06,
          0.43009463,
          0,
          0.26545832,
          0.7868056,
          -0.55719733,
          0,
          -0.33839804,
          0.617201,
          0.7103166,
          0,
          -1.8917407,
          3.9825552,
          1.2915705,
          1
        ]
      },
      {
        "date" : 754559004.002317,
        "title" : "Untitled",
        "transform" : [
          0.90278375,
          -4.9499154e-06,
          0.43009463,
          0,
          0.26545832,
          0.7868056,
          -0.55719733,
          0,
          -0.33839804,
          0.617201,
          0.7103166,
          0,
          -0.9413984,
          2.8579407,
          -0.5940349,
          1
        ]
      },
      {
        "date" : 754558976.087136,
        "title" : "Untitled",
        "transform" : [
          0.90278375,
          -4.9499154e-06,
          0.43009463,
          0,
          0.26545832,
          0.7868056,
          -0.55719733,
          0,
          -0.33839804,
          0.617201,
          0.7103166,
          0,
          -1.6885586,
          3.7421138,
          0.88843,
          1
        ]
      },
      {
        "date" : 754558956.0503,
        "title" : "Untitled",
        "transform" : [
          0.90278375,
          -4.9499154e-06,
          0.43009463,
          0,
          0.26545832,
          0.7868056,
          -0.55719733,
          0,
          -0.33839804,
          0.617201,
          0.7103166,
          0,
          -1.2127861,
          3.0578077,
          1.7096901,
          1
        ]
      },
      {
        "date" : 754558731.559782,
        "title" : "Untitled",
        "transform" : [
          0.90278375,
          -4.9499154e-06,
          0.43009463,
          0,
          0.26545832,
          0.7868056,
          -0.55719733,
          0,
          -0.33839804,
          0.617201,
          0.7103166,
          0,
          -0.45734966,
          1.1531196,
          -0.040447235,
          1
        ]
      },
      {
        "date" : 754558691.690986,
        "title" : "Untitled",
        "transform" : [
          0.90278375,
          -4.9499154e-06,
          0.43009463,
          0,
          0.26545832,
          0.7868056,
          -0.55719733,
          0,
          -0.33839804,
          0.617201,
          0.7103166,
          0,
          -0.24160421,
          2.7928472,
          -1.3624399,
          1
        ]
      },
      {
        "date" : 754558690.091284,
        "title" : "Untitled",
        "transform" : [
          0.8460874,
          -4.9493806e-06,
          0.5330443,
          0,
          0.24689661,
          0.88626677,
          -0.3918844,
          0,
          -0.4724174,
          0.4631753,
          0.7498603,
          0,
          -0.8480436,
          2.0958798,
          -1.1835035,
          1
        ]
      },
      {
        "date" : 754558688.669822,
        "title" : "Untitled",
        "transform" : [
          0.8460874,
          -4.9493806e-06,
          0.5330443,
          0,
          0.24689661,
          0.88626677,
          -0.3918844,
          0,
          -0.4724174,
          0.4631753,
          0.7498603,
          0,
          -1.592517,
          2.825793,
          -0.0018103123,
          1
        ]
      },
      {
        "date" : 754558669.281076,
        "title" : "Untitled",
        "transform" : [
          0.8809334,
          -4.9493806e-06,
          0.47324032,
          0,
          0.21919705,
          0.88626677,
          -0.40802446,
          0,
          -0.4194151,
          0.4631753,
          0.780743,
          0,
          -0.42821884,
          1.8971168,
          -1.3788021,
          1
        ]
      },
      {
        "date" : 754558642.081312,
        "title" : "Untitled",
        "transform" : [
          0.88770014,
          -4.9500754e-06,
          0.460422,
          0,
          0.2424294,
          0.850157,
          -0.46739823,
          0,
          -0.3914286,
          0.5265294,
          0.7546857,
          0,
          -0.31358922,
          2.1566086,
          -1.4855299,
          1
        ]
      }
    ],
    "C21588EB-DE30-46A7-9153-0A6638A408C2" : [
      {
        "date" : 754561878.87756,
        "title" : "Untitled",
        "transform" : [
          0.9816864,
          -2.2737412e-09,
          0.19050403,
          0,
          0.025827214,
          0.9907673,
          -0.13309033,
          0,
          -0.1887452,
          0.13557309,
          0.9726228,
          0,
          -1.6838496,
          2.3164747,
          3.2954545,
          1
        ]
      },
      {
        "date" : 754561819.316731,
        "title" : "Untitled",
        "transform" : [
          0.9878782,
          -3.905356e-09,
          -0.15523079,
          0,
          -0.012595723,
          0.99670255,
          -0.080158226,
          0,
          0.15471892,
          0.081141755,
          0.98462087,
          0,
          0.238758,
          2.0109143,
          3.6694322,
          1
        ]
      },
      {
        "date" : 754561603.688118,
        "title" : "Untitled",
        "transform" : [
          0.3975925,
          -2.8366784e-09,
          -0.91756207,
          0,
          -0.53401184,
          0.81319606,
          -0.23139481,
          0,
          0.7461579,
          0.5819899,
          0.32332072,
          0,
          2.5881991,
          4.1660714,
          0.5713284,
          1
        ]
      },
      {
        "date" : 754561576.597435,
        "title" : "Untitled",
        "transform" : [
          0.91165423,
          -1.329075e-08,
          0.410958,
          0,
          -0.03482844,
          0.9964023,
          0.07726216,
          0,
          -0.40947953,
          -0.084749386,
          0.9083743,
          0,
          -2.6436155,
          1.3756288,
          2.400013,
          1
        ]
      },
      {
        "date" : 754561571.339133,
        "title" : "Untitled",
        "transform" : [
          0.9946854,
          -4.645077e-09,
          0.102960266,
          0,
          0.008545905,
          0.99654937,
          -0.08256085,
          0,
          -0.10260499,
          0.08300197,
          0.99125314,
          0,
          -1.3770521,
          2.0712543,
          2.7658482,
          1
        ]
      },
      {
        "date" : 754561466.34517,
        "title" : "Untitled",
        "transform" : [
          0.9946854,
          -4.645077e-09,
          0.102960266,
          0,
          0.008545905,
          0.99654937,
          -0.08256085,
          0,
          -0.10260499,
          0.08300197,
          0.99125314,
          0,
          -1.6007508,
          2.2522242,
          4.9270306,
          1
        ]
      },
      {
        "date" : 754561456.770691,
        "title" : "Untitled",
        "transform" : [
          0.78561115,
          -4.056588e-09,
          0.61872053,
          0,
          0.20545758,
          0.9432553,
          -0.2608767,
          0,
          -0.5836114,
          0.33206844,
          0.7410319,
          0,
          -3.532875,
          3.4589088,
          2.7322686,
          1
        ]
      },
      {
        "date" : 754561450.803665,
        "title" : "Untitled",
        "transform" : [
          1,
          0,
          0,
          0,
          0,
          1,
          0,
          0,
          0,
          0,
          1,
          0,
          -1.0849557,
          1.823993,
          5.235119,
          1
        ]
      },
      {
        "date" : 754561444.495242,
        "title" : "Untitled",
        "transform" : [
          1,
          0,
          0,
          0,
          0,
          1,
          0,
          0,
          0,
          0,
          1,
          0,
          0.27416992,
          1.3817284,
          5.235119,
          1
        ]
      },
      {
        "date" : 754561413.347919,
        "title" : "Untitled",
        "transform" : [
          0.86190933,
          8.501025e-09,
          0.5070624,
          0,
          0.25183785,
          0.86794496,
          -0.42807615,
          0,
          -0.44010222,
          0.4966604,
          0.7480899,
          0,
          -4.5334177,
          12.047581,
          10.255978,
          1
        ]
      }
    ]
  },
  "sceneViewportBackgroundColors" : {

  },
  "selectedSceneRelativePath" : "scene_basketball_machine.usda"
}